# Created by Octave 3.6.4, Mon Apr 14 10:42:29 2014 CEST <piotrekd@piotreks-air>
# name: mu
# type: matrix
# rows: 1
# columns: 784
 1 1 1 1 1 1 1 1 0.9999969517977619 0.9999793775947352 0.9999663568790021 0.9999688405993443 0.9999291010738702 0.9998804051023141 0.9998639974952056 0.9998401763591972 0.9997906148487338 0.9998324617732859 0.999854965784871 0.9999023446320032 0.9999485192510905 0.9999709856305488 0.9999647010654408 0.9999852858385794 0.9999943551810407 0.999990403807769 0.9999958604660965 0.9999980054973011 1 1 1 1 1 0.9999949949271895 0.9999995107823568 0.9999782862630695 0.9998674220187076 0.9996504351779095 0.9990990116298324 0.9985135310073665 0.9981907978913952 0.9977877201855716 0.9972251198959551 0.9967667605964539 0.9963739940932606 0.9968579808708383 0.9974175705903426 0.9982228228309601 0.998851956720044 0.9993069667602955 0.9996316567468378 0.999799721823322 0.9999121666169923 0.9999796786517463 0.9999945433416726 0.9999913069788025 1 1 1 1 0.9999922101498361 0.9999417454683392 0.9998240698090997 0.9993533295400153 0.9984784954976924 0.997138528373118 0.9945974943024969 0.9916159761924119 0.9891653721215183 0.9860251217022952 0.9824263238229439 0.9791859719475053 0.9772242844627482 0.9776876488350589 0.9819396651643922 0.9870721603550067 0.9913659483446366 0.9942778093887644 0.9963919069854248 0.9978539150959009 0.9991298699734765 0.9997981036418867 0.9999551425053363 0.999980318397895 1 1 1 0.9999922101498361 0.9999205585811787 0.9994458669388219 0.9981855293937018 0.9958818787763843 0.9926619611455813 0.9879431559204365 0.9815855468550096 0.9740681909183152 0.966106700625896 0.9553261124809199 0.9432577529706834 0.9328894247703674 0.9260872673958238 0.9283999873556088 0.9399085313535839 0.954627058100992 0.9674374102473812 0.9779554766786156 0.985506400472057 0.9912383754361567 0.9957235227885096 0.9988131956298564 0.9998153767879026 0.9999797915481254 1 1 0.999990403807769 0.9999639107907865 0.9994884665059024 0.9975901891541207 0.9933178514765336 0.9861324861589054 0.9767626511682517 0.9648812480619471 0.950003462155628 0.9308574404735049 0.9073819931780488 0.8759546894145284 0.8445370571075052 0.8230333074424399 0.8171431270189726 0.8321074668159995 0.8625323259965708 0.895385887350485 0.9237826759753441 0.946967716151412 0.9645323982502552 0.9790505339246092 0.9892256211558783 0.9961360461580601 0.9992433684666867 0.9999123547776244 1 1 0.9999882587765645 0.9998614008784844 0.9985382176822823 0.9941920457727075 0.9852322504312643 0.9701854210131743 0.949520717238223 0.9242260953206675 0.8925074060024805 0.853654041840903 0.8092725183118011 0.7600329506898837 0.7183502903695108 0.695934639017612 0.6995038580456144 0.7295918344306908 0.776134495714463 0.8239499507771775 0.8669521063453773 0.9050215556819963 0.937107873242953 0.9621999966883732 0.9804022046404923 0.9927446389272718 0.9982733251445824 0.9998220376742746 1 1 0.9999873179734047 0.9996903252318895 0.9973856961792866 0.9899098108458801 0.975125841830666 0.9500446317019035 0.9160035885995736 0.8726963117505592 0.8207821912735626 0.7690654136673881 0.7222747566706812 0.6830078154400214 0.6562527659613099 0.64546269452048 0.653987838802054 0.6829363896641283 0.7246671062099086 0.7693264300960782 0.8170088555919806 0.8657345941600992 0.9110255356556836 0.9464121530694247 0.9723245439738917 0.9895626168477527 0.9973475748352462 0.9997353332550588 1 1 0.9999765551852554 0.9995592901677794 0.9964343936561257 0.9858695128596499 0.9649506793351431 0.9297119185460173 0.8811400201106048 0.8205068370047235 0.7566621658643565 0.7061502936811256 0.6811211287831753 0.6732326071838304 0.6706912344240772 0.6714286359407978 0.6782214229158701 0.6921249507019258 0.7146059690573667 0.7459741151181906 0.7901051592139984 0.8425302487031956 0.8939335130643659 0.9355137763688297 0.967435716801692 0.9878474574230106 0.996530581371194 0.9995340013788413 1 1 0.999969104024229 0.9994054124029472 0.9956210881404605 0.9824866104894305 0.9558102874191282 0.9112806438405278 0.8488266302989833 0.7746864491228832 0.7063108323323249 0.6687454276966482 0.6723588268410402 0.6930445293425224 0.7085219455508274 0.7138274732586161 0.7122398867423455 0.7110699791969676 0.7185575681216736 0.7393221099279531 0.7802917919816487 0.8344366320150018 0.8873838296258219 0.931121618000799 0.9658842947588951 0.987819308592467 0.9966765187573574 0.9993963054283589 1 1 0.9999298913485246 0.9993016606304735 0.9950590523327393 0.9800365332683046 0.9477088432486459 0.8943016681569018 0.8212376152672037 0.7397233060274743 0.6724546006027271 0.6480094863064264 0.6709702390091686 0.7079328522442253 0.7300692732182702 0.7313197135141482 0.7219591360265917 0.7130934962653918 0.7178456059223951 0.7400884505498796 0.7833742394547192 0.8379785301192404 0.8881578095694023 0.9309254040937683 0.9668115503532876 0.9893037830824006 0.9971828590180125 0.9994501570012312 1 1 0.9999283484313425 0.9992336217459503 0.9946333577189521 0.9779860715973806 0.9402886534623058 0.8791516138161108 0.8001912088342172 0.7156822102401633 0.6517884291748415 0.6343789795973765 0.6638357523264232 0.7031416428078938 0.7227848225118356 0.7199624506642859 0.7051397205588903 0.698951644222865 0.7126780375899793 0.7464796651041852 0.7951146726155464 0.8487888100119494 0.8950051254956135 0.9346710048981958 0.9699866104894261 0.9914676679822864 0.9977187781300143 0.9995527421777868 1 1 0.9999539006451652 0.999310729972935 0.9945252782519424 0.9756248438266759 0.9327687009088874 0.8660366672386794 0.7844883009245482 0.7011567363011614 0.639190472749826 0.6243343253161958 0.6508359600557672 0.6846172662216965 0.6971936218061691 0.6885355608541635 0.6742138648795941 0.678994499688405 0.7094710277785338 0.7577651634890087 0.8116280636314077 0.8622711590393822 0.9049313138429046 0.9414146819483207 0.9738576391711273 0.9935189575599933 0.9983450896096189 0.9997628799715801 1 1 0.9999564219976338 0.9993423785912336 0.9940730153569172 0.9722798746398625 0.9250607758841277 0.8549850901515266 0.7737798911980071 0.6936507452666384 0.6320693454719621 0.6142824832988693 0.6335923176271954 0.6551520638963424 0.6603285510427193 0.6502602261540333 0.6460961184719645 0.6669074370113581 0.7129076688252386 0.7707223561925881 0.8249108118604392 0.8735767153475795 0.9132243431688601 0.9465854490114777 0.9769824227864028 0.9948827081884486 0.998869192233933 0.9998268545864528 1 1 0.9999429873285105 0.9992769363234315 0.9932448827834511 0.9680389974199373 0.9166345664628549 0.8459939096166653 0.7667717355635757 0.6898611525064634 0.6274357770131074 0.6066871912284124 0.617241911350765 0.6260687523896532 0.6256365850501201 0.6213455065735886 0.6333544449562495 0.6681076007863629 0.7226138597616206 0.7789056126058626 0.8301287319779714 0.8771962485285768 0.916169132323583 0.9490968665986281 0.978031869895202 0.9951208819164082 0.9989549182178628 0.9998811577448422 1 1 0.9999219886019816 0.999135251367551 0.9918684124962756 0.9631163013339846 0.9091943563852659 0.8385689781824041 0.7621658267176149 0.6877032887467981 0.6256591266938333 0.6030689375397102 0.6068663201500581 0.6047493248796585 0.6019231898194669 0.6102781616254777 0.6391184072277862 0.6823773267943741 0.734733700020769 0.7840190283083884 0.8310976463362841 0.8770768041593936 0.9168234044731054 0.9503273242353881 0.9783460228863534 0.9943259032462956 0.998538217682282 0.9997780080863914 1 0.999999623678736 0.9998964363881587 0.998879729229324 0.9900395664176934 0.958685118450881 0.9037049204757903 0.8329076010874229 0.7576647233436694 0.6837458567028956 0.6240940818212863 0.6031163163868501 0.6049959282039303 0.6004732616215599 0.6014617823177286 0.622205551190241 0.6599535469031805 0.7007959194732702 0.7420610889834187 0.7852301430321859 0.8303454177617638 0.8758708074047947 0.916943752013318 0.9510267925687067 0.9778182323136518 0.9926624127310962 0.9977628829821508 0.9996769658270187 1 0.9999927746317322 0.9998673843865814 0.9986244328838554 0.9884790750324388 0.955472012234958 0.8997952436002791 